0.224465935
0.226099998
0.236144354
0.239824821
0.235499993
0.22756473
0.223700002
0.223961559
0.225500003
0.226799995
0.233086418
0.240199998
0.239855056
0.235699996
0.233450291
0.231427497
0.226099998
0.219249116
0.219237561
0.224399999
0.226690771
0.228599995
0.231299996
0.233819964
0.234799996
0.230889626
0.226400003
0.221000001
0.214860089
0.214300007
0.219777173
0.223000005
0.223484009
0.225700006
0.22377481
0.223700002
0.2324
0.23874017
0.241300002
0.238600001
0.229485739
0.223900005
0.224999994
0.222399995
0.225628056
0.234099999
0.239299998
0.237401153
0.235499993
0.237233002
0.240903331
0.241500005
0.234799996
0.225778403
0.221209024
0.221499994
0.224879121
0.233500004
0.240799993
0.23702203
0.2324
0.234999999
0.239226704
0.238800004
0.232865553
0.227899998
0.226072919
0.226099998
0.227647926
0.230599999
0.232274039
0.231000006
0.233000006
0.240400001
0.238903612
0.230126717
0.222859108
0.218600005
0.216316295
0.216100007
0.218072628
0.225700006
0.233899996
0.234223419
0.234746665
0.240179351
0.240400001
0.226533524
0.213200003
0.215715771
0.224399999
0.225257372
0.223700002
0.226864933
0.23081478
0.231000006
0.230071146
0.233899996
0.239305461
0.237299994
0.224681081
0.212437893
0.210600004
0.217515694
0.223199993
0.223275885
0.225199997
0.233333628
0.239899993
0.2355254
0.2333
0.237900004
0.23440365
0.227699995
0.220677709
0.217700005
0.218244452
0.223707538
0.230599999
0.231735843
0.2315
0.232398633
0.230800003
0.227916445
0.223000005
0.212613596
0.209055391
0.217199996
0.224999994
0.224800006
0.226613143
0.228400007
0.228992707
0.231900007
0.22972134
0.221255918
0.213867271
0.212099999
0.214038675
0.216271006
0.216600001
0.21696033
0.222294452
0.2289
0.2313886
0.232899994
0.23103139
0.225700006
0.219635797
0.215700001
0.211714438
0.209000006
0.211899374
0.218799993
0.223092493
0.226400003
0.231608301
0.236399993
0.23842551
0.237000003
0.232286856
0.224099994
0.2148
0.220581694
0.2324
0.23246941
0.23080424
0.237299994
0.243300006
0.238241137
0.237035312
0.237299994
0.223900005
0.216168404
0.2192
0.222253146
0.224467757
0.226600006
0.227455832
0.230100006
0.234400004
0.241338815
0.245299995
0.237900004
0.230822571
0.229300007
0.228842909
0.225199997
0.220599994
0.226854125
0.234799996
0.23698497
0.237900004
0.233308742
0.2315
0.236100003
0.227672562
0.217500001
0.217384733
0.220799997
0.222062068
0.224099994
0.227137277
0.228799999
0.227500007
0.226893327
0.229625391
0.230800003
0.225510126
0.220599994
0.220879801
0.221900001
0.220951329
0.223743656
0.228100002
0.228068405
0.229699999
0.234980591
0.237000003
0.229113233
0.218274581
0.213699996
0.214399993
0.211899996
0.218408553
0.226600006
0.228432802
0.231299996
0.233376295
0.2333
0.234894745
0.234099999
0.226684753
0.223472409
0.227899998
0.230100006
0.227530514
0.226799995
0.231015403
0.235488932
0.235300004
0.232752917
0.234099999
0.235300004
0.231086114
0.221499994
0.211773309
0.217738938
0.2324
0.233580617
0.228954946
0.231529259
0.2377
0.240396616
0.24411025
0.243900001
0.233687425
0.224999994
0.21940302
0.217500001
0.225195533
0.237900004
0.241300002
0.239883021
0.238600001
0.236057979
0.234599993
0.236327973
0.234099999
0.222599998
0.215325051
0.218600005
0.228232087
0.236100003
0.23482329
0.234336538
0.239500001
0.243370302
0.242799997
0.235160284
0.226600006
0.224012623
0.222100005
0.217586738
0.217199996
0.223091632
0.234799996
0.250644963
0.265399992
0.274487571
0.277799994
0.274487534
0.26790855
0.252200007
0.229836202
0.226600006
0.244075318
0.270099998
0.28639999
0.290444888
0.294099987
0.302146815
0.298799992
0.280039085
0.265399992
0.252731722
0.238999993
0.226600006
0.234926935
0.247500002
0.254198725
0.273200005
0.287205996
0.284799993
0.279849573
0.271600008
0.250642046
0.240600005
0.258505553
0.271600008
0.25423812
0.243699998
0.253073009
0.259284401
0.2597
0.272694316
0.28670001
0.276034725
0.267699987
0.279450915
0.282700002
0.257791541
0.262100011
0.301699996
0.275695136
0.255289855
0.275700003
0.289916335
0.291700006
0.276425113
0.2597
0.248753182
0.236699998
0.232660245
0.255699992
0.280699998
0.286051857
0.280699998
0.261700004
0.27277479
0.297699988
0.291924256
0.273812467
0.255699992
0.228375583
0.217649323
0.23741667
0.27084749
0.292699993
0.288335843
0.278299987
0.268865624
0.258300006
0.263597883
0.283300012
0.282206377
0.253300011
0.232672871
0.243300006
0.266299993
0.287431113
0.298299998
0.288592112
0.281300008
0.278291374
0.279300004
0.278299987
0.2443015
0.218554834
0.219300002
0.228343504
0.259562036
0.293300003
0.288300008
0.27599289
0.282299995
0.302780822
0.301299989
0.25994925
0.217299998
0.202700004
0.225285504
0.261299998
0.285095213
0.297300011
0.292102481
0.274300009
0.261673627
0.2773
0.302300006
0.283844583
0.266299993
0.269300014
0.245435349
0.256149512
0.286300004
0.284646083
0.278299987
