0.341226216
0.36964062
0.361117805
0.353426592
0.357387138
0.364261345
0.328026465
0.279541866
0.261730484
0.295565729
0.361091025
0.448202102
0.481997651
0.443234013
0.353786758
0.317316008
0.32253469
0.335176009
0.28244725
0.236849349
0.229622631
0.279944219
0.344181081
0.429067163
0.471912797
0.442405562
0.359449099
0.264662206
0.214399993
0.263340508
0.28971231
0.263727447
0.253303075
0.273684148
0.312188912
0.386977416
0.466344101
0.475064202
0.40308176
0.302273717
0.255071128
0.291872617
0.350800007
0.339512428
0.291227579
0.280870991
0.324835865
0.385141866
0.424109092
0.430269513
0.393364137
0.323981329
0.283341743
0.309120592
0.346676688
0.329814105
0.297421154
0.29792814
0.372527021
0.463857382
0.510231909
0.465566238
0.395197407
0.332805688
0.309083854
0.315314773
0.320753863
0.303590351
0.268568704
0.290064066
0.366641063
0.44992863
0.460830301
0.418999014
0.352499695
0.298181573
0.290211878
0.317944718
0.325837355
0.264005316
0.208399996
0.26137922
0.33934385
0.404162152
0.461364746
0.475502781
0.423438097
0.307543726
0.213400006
0.265764262
0.345096972
0.354820649
0.312273952
0.3102157
0.366066917
0.452429692
0.486337665
0.468001732
0.401952878
0.335395055
0.299305873
0.323121208
0.338510447
0.327210142
0.314378356
0.315149786
0.335794812
0.408177629
0.487781213
0.485288436
0.403345941
0.309753241
0.278872599
0.321932218
0.354357458
0.318131115
0.266685092
0.282841301
0.353116385
0.437883612
0.481945576
0.462920887
0.382903079
0.305573952
0.282240625
0.306320284
0.308031675
0.286650221
0.282499196
0.321128012
0.365139392
0.412156089
0.442090166
0.43319839
0.364766232
0.30232764
0.290493502
0.313119107
0.304327646
0.27756401
0.271962896
0.311591837
0.367342483
0.416083979
0.425026218
0.39385058
0.329660105
0.264463207
0.242646511
0.266083609
0.277906366
0.249642798
0.244706622
0.308210141
0.413732585
0.480679278
0.480295121
0.42834621
0.368650101
0.323557572
0.327267279
0.340195304
0.312040577
0.246758323
0.229856649
0.282091279
0.375917743
0.457177979
0.483999008
0.437889553
0.360822518
0.318750408
0.337196905
0.365032279
0.340569696
0.289561414
0.26791033
0.30013222
0.363160417
0.45019938
0.482643166
0.427023006
0.332491653
0.320333461
0.369402358
0.381094754
0.296900813
0.212400004
0.245110454
0.336856159
0.411314174
0.430458388
0.403182439
0.357229311
0.321770808
0.324441062
0.34704688
0.335618805
0.272252322
0.236577487
0.246470001
0.292302404
0.373644774
0.469915164
0.496569959
0.426838964
0.345938157
0.311043914
0.322947316
0.32652616
0.297882741
0.250118361
0.249510075
0.31047421
0.392223259
0.455432414
0.478439709
0.441435623
0.351457516
0.301662582
0.323228984
0.3480557
0.298147729
0.239525097
0.22912621
0.266768463
0.340507979
0.437870487
0.480297692
0.416458122
0.320982195
0.289120601
0.312095487
0.323493004
0.28106208
0.240558806
0.234907974
0.28870525
0.369232523
0.463523689
0.491331116
0.431535193
0.328689919
0.269663328
0.292584292
0.335671116
0.328244522
0.273382558
0.253105132
0.296015587
0.383142242
0.468417443
0.486832282
0.432646385
0.362331607
0.326951519
0.320736424
0.324867037
0.313281144
0.283005325
0.266315152
0.289736669
0.343754727
0.409616196
0.439220823
0.401822119
0.332293986
0.320690642
0.357196758
0.365808759
0.313872457
0.259853407
0.248189832
0.292662067
0.377434927
0.446207052
0.441121465
0.372426894
0.318058802
0.330400172
0.37991742
0.386574684
0.321127814
0.258870541
0.259216113
0.30994338
0.368717302
0.424870397
0.442770592
0.403976458
0.346397738
0.335947524
0.35537907
0.348060395
0.304652549
0.269722676
0.262604684
0.297732704
0.37656296
0.446993508
0.449871805
0.384970262
0.321618374
0.320922758
0.3692812
0.376976563
0.32294705
0.2734826
0.255527745
0.268039068
0.321541612
0.413521149
0.479455097
0.46853982
0.385605254
0.308230237
0.318348114
0.387523504
0.409891353
0.346543797
0.279827035
0.286972358
0.362960601
0.461097522
0.501111009
0.434572358
0.321377549
0.303607361
0.358876382
0.368115957
0.301359607
0.271429243
0.290045452
0.305444467
0.334021709
0.407986954
0.470252139
0.427974345
0.347899145
0.320803778
0.373014288
0.402829257
0.377586335
0.334300987
0.315163942
0.313130799
0.366003156
0.468221588
0.54440872
0.508490473
0.397605381
0.325630497
0.350628145
0.313978165
0.234699994
0.338582074
0.396165192
0.334175264
0.302539504
0.351801561
0.44597916
0.45838726
0.354481073
0.266125046
0.307278536
0.365948508
0.341058976
0.282684251
0.270488731
0.286368189
0.323171045
0.390785638
0.475245887
0.487830296
0.414165228
0.337079633
0.353955016
0.387746472
0.360333041
0.309460418
0.302229259
0.311972523
0.346601728
0.430168248
0.507190256
0.476083144
0.361739532
0.284579305
0.32625605
0.392881217
0.390516589
0.32980214
0.302461242
0.320664097
0.359062429
0.407310544
0.461711502
0.468076595
0.393070856
0.3203969
0.333365792
0.376858887
0.376862926
0.329001742
0.271839132
0.261091394
0.331167417
0.518189883
