0.446262593
0.550700009
0.613723175
0.584500015
0.459811401
0.339826047
0.294499993
0.285684476
0.279500008
0.288719383
0.355658505
0.436500013
0.44976409
0.42050001
0.378856966
0.332913632
0.298500001
0.285175184
0.277500004
0.260500014
0.25675399
0.265500009
0.271668887
0.290499985
0.360675516
0.450500011
0.494025876
0.533230418
0.538500011
0.435605083
0.320499986
0.269588102
0.265500009
0.306149445
0.369500011
0.444953172
0.54549998
0.573057523
0.530499995
0.494875419
0.459500015
0.40783138
0.347499996
0.28549999
0.281447495
0.29550001
0.30748344
0.431102677
0.587499976
0.585500002
0.561260394
0.554499984
0.486499995
0.386932574
0.316500008
0.289499998
0.279167595
0.283499986
0.304212141
0.363499999
0.484296495
0.600499988
0.582827769
0.463499993
0.351198507
0.288500011
0.264047417
0.256500006
0.255770404
0.267500013
0.315930503
0.404500008
0.512333387
0.58950001
0.541428481
0.482499987
0.483500004
0.405679332
0.317499995
0.286058734
0.281500012
0.27489774
0.277500004
0.334875348
0.449499995
0.540971537
0.580500007
0.575607588
0.507499993
0.390887404
0.305500001
0.283986768
0.281500012
0.271755697
0.282499999
0.346869449
0.463499993
0.565500021
0.572703978
0.520666033
0.438499987
0.334183924
0.266499996
0.250810469
0.255499989
0.295308023
0.392500013
0.487827085
0.530499995
0.533021463
0.530499995
0.521183007
0.469500005
0.372169211
0.287499994
0.242500007
0.225542798
0.244499996
0.30601734
0.392699987
0.476339375
0.552978774
0.56370002
0.460913627
0.354669774
0.309500009
0.28325938
0.266499996
0.26388974
0.270500004
0.289226359
0.338499993
0.442207456
0.552699983
0.577177025
0.556309746
0.503499985
0.390531774
0.313670997
0.296499997
0.269527835
0.269499987
0.358896526
0.478500009
0.526920211
0.547193261
0.552699983
0.493664414
0.405499995
0.324256035
0.274500012
0.281090059
0.308499992
0.311219007
0.319499999
0.369289188
0.435499996
0.481784299
0.516499996
0.535342954
0.49849999
0.402495779
0.327327221
0.303499997
0.292273946
0.272500008
0.259499997
0.344006216
0.476500005
0.558681669
0.587499976
0.583689657
0.524500012
0.404440103
0.306499988
0.28549999
0.276499987
0.27706814
0.290499985
0.327601126
0.399500012
0.477981369
0.523500025
0.524269379
0.478500009
0.393391069
0.327904586
0.303499997
0.299372496
0.333759854
0.392500013
0.4447125
0.509500027
0.57433609
0.60650003
0.572374918
0.475499988
0.369992094
0.309500009
0.294499993
0.290502444
0.2755
0.246435709
0.267500013
0.396246958
0.538500011
0.581325627
0.58950001
0.583500028
0.44881518
0.326532509
0.299499989
0.301193563
0.314086052
0.325500011
0.338980744
0.44569999
0.61650002
0.634614551
0.54549998
0.424986149
0.335500002
0.310699999
0.300547771
0.301914888
0.299499989
0.286693446
0.335700777
0.455500007
0.559499979
0.592859216
0.568499982
0.488499999
0.379554455
0.294499993
0.257499993
0.261941306
0.277500004
0.274752185
0.281500012
0.325082144
0.433803263
0.55250001
0.57249999
0.502433831
0.390500009
0.290643362
0.2465
0.25150001
0.281618561
0.334500015
0.405499995
0.496874472
0.57950002
0.607282527
0.564499974
0.439099885
0.310499996
0.266515127
0.2755
0.285501792
0.293500006
0.300500005
0.333023054
0.450500011
0.602500021
0.623840904
0.550499976
0.436500013
0.32573502
0.256500006
0.230550608
0.232500002
0.244969364
0.270500004
0.329615916
0.422500014
0.513499975
0.570501807
0.564499974
0.478440655
0.362500012
0.286297658
0.256500006
0.2413483
0.238499999
0.252499998
0.309828452
0.438678634
0.571799994
0.612061741
0.580799997
0.50880003
0.395262846
0.313800007
0.275600497
0.253800005
0.254140301
0.306800008
0.425990352
0.537800014
0.557869438
0.533800006
0.512908182
0.461800009
0.371255845
0.292800009
0.249872654
0.233974207
0.237800002
0.263939879
0.319799989
0.41834385
0.545799971
0.603500286
0.538800001
0.403566407
0.295330506
0.252799988
0.244439355
0.241799995
0.231415194
0.2368
0.318555917
0.452800006
0.534634708
0.560800016
0.545460109
0.4648
0.342273852
0.270592417
0.264800012
0.262952392
0.2588
0.28574627
0.373800009
0.48688506
0.555800021
0.558885658
0.524807726
0.446799994
0.321930134
0.249799997
0.264800012
0.258738028
0.249799997
0.273693755
0.330017271
0.417800009
0.529512952
0.617799997
0.626220137
0.542800009
0.394676601
0.292255379
0.276800007
0.28349048
0.273799986
0.269800007
0.349657546
0.461600006
0.520281356
0.544888242
0.538600028
0.46913966
0.371600002
0.299582767
0.277154766
0.281599998
0.280205011
0.3116
0.427928133
0.567600012
0.610599995
0.569094205
0.484600008
0.374824478
0.287600011
0.248251794
0.241610043
0.249599993
0.265493335
0.286599994
0.326763671
0.435600013
0.573599994
0.585600019
0.498784773
0.387600005
0.30755645
0.261599988
0.243599996
0.281367134
0.316599995
0.299600005
0.343218841
0.434599996
0.502652525
0.551599979
0.595777248
0.579599977
0.449726594
0.319599986
0.278600007
0.259010602
0.264600009
0.295599997
0.330278387
