0.789840274
0.837700009
0.863364345
0.868300021
0.853360541
0.826900005
0.800800025
0.795976421
0.803900003
0.8046
0.815657579
0.821200013
0.797599971
0.772571022
0.792500019
0.844099998
0.857134421
0.859017851
0.859399974
0.847684378
0.846700013
0.83845748
0.843761378
0.860700011
0.853038734
0.843307958
0.8301
0.801428874
0.815400004
0.862600029
0.863015693
0.843500018
0.823700011
0.805928849
0.802699983
0.790646621
0.798200011
0.840900004
0.860687609
0.874595192
0.877900004
0.869507182
0.879800022
0.859880178
0.838761004
0.840300024
0.834923335
0.837700009
0.852400005
0.867366668
0.877900004
0.862600029
0.841105548
0.840900004
0.855558041
0.872200012
0.869240521
0.858099997
0.850703855
0.847299993
0.847164308
0.845020115
0.83345586
0.828800023
0.858804877
0.89380002
0.8812932
0.859315195
0.852400005
0.835200012
0.823283821
0.837100029
0.868245187
0.87470001
0.836640983
0.827499986
0.869599998
0.871425528
0.85619998
0.847293351
0.851848519
0.866400003
0.879334857
0.883000016
0.87710115
0.884899974
0.876532131
0.854900002
0.854300022
0.879824054
0.912299991
0.913108498
0.897000015
0.884899974
0.873625112
0.88064898
0.881699979
0.857324513
0.862600029
0.89907201
0.917400002
0.896386005
0.877300024
0.884299994
0.873406991
0.858099997
0.860535609
0.861299992
0.856205972
0.869000018
0.879800022
0.877136955
0.895156641
0.894500017
0.821892608
0.750999987
0.733969652
0.759986539
0.79369998
0.817186928
0.843900025
0.849836968
0.83829999
0.838456896
0.86205171
0.876600027
0.847500026
0.823356952
0.83099997
0.855494859
0.867254446
0.853299975
0.844112562
0.85769999
0.85335708
0.849799991
0.86037012
0.866699994
0.861813772
0.85680002
0.859202332
0.851800025
0.830696546
0.821699977
0.827475297
0.833199978
0.825031753
0.810699999
0.816892355
0.83829999
0.83910817
0.832799971
0.846488162
0.862500012
0.855942115
0.857777305
0.870299995
0.861745042
0.84859997
0.852400005
0.870749126
0.886200011
0.876769735
0.854300022
0.844281798
0.858099997
0.872719941
0.859399974
0.851680809
0.873399973
0.879436947
0.89319998
0.911526387
0.912999988
0.901732276
0.8926
0.883753967
0.867699981
0.85257144
0.855599999
0.871099896
0.876600027
0.859162495
0.844184225
0.850143024
0.865800023
0.88100538
0.8926
0.876868752
0.847899973
0.837182659
0.844822617
0.84920001
0.850028863
0.872799993
0.896761663
0.891900003
0.863200009
0.867012912
0.882399976
0.880557665
0.875999987
0.863191963
0.862144187
0.878499985
0.890315603
0.891900003
0.88524786
0.883000016
0.867410908
0.850759773
0.85769266
0.872200012
0.864373101
0.851800025
0.856615993
0.857800007
0.821350883
0.797251256
0.837943709
0.896300018
0.892642779
0.865884651
0.872433306
0.892799973
0.886455398
0.880500019
0.900796373
0.904699981
0.838400006
0.782458568
0.823700011
0.930199981
0.91572103
0.859399974
0.887426019
0.93720001
0.923873363
0.886799991
0.865908836
0.844699979
0.802764845
0.781962651
0.813499987
0.866400003
0.886039272
0.8926
0.917704807
0.926999986
0.89319943
0.868239572
0.868300021
0.851800025
0.822401998
0.828199983
0.875727316
0.916800022
0.907616399
0.884899974
0.891732851
0.89319998
0.858776657
0.828199983
0.834500015
0.881430641
0.899600029
0.839351726
0.817300022
0.888700008
0.918440115
0.930336511
0.925700009
0.889530843
0.887499988
0.88327062
0.861719238
0.858099997
0.871500015
0.857522286
0.858099997
0.907507195
0.949000001
0.942793612
0.944124214
0.939100027
0.885186592
0.867699981
0.905204631
0.907899976
0.849048227
0.83613427
0.906969489
0.95630002
0.931848279
0.940400004
0.967713826
0.95630002
0.900372827
0.856899977
0.870735732
0.894500017
0.877643615
0.845399976
0.851685066
0.907199979
0.952757556
0.95569998
0.915580701
0.903900147
0.910399973
0.867699981
0.869408919
0.881099999
0.831399977
0.831868049
0.879800022
0.869902662
0.844699979
0.884405519
0.939100027
0.939100027
0.913387117
0.900200009
0.880034815
0.826300025
0.756328899
0.754899979
0.834500015
0.865100026
0.865731417
0.872799993
0.879238237
0.867699981
0.856979472
0.863900006
0.861898884
0.824999988
0.772700012
0.787993486
0.852400005
0.903388588
0.921299994
0.901958174
0.873399973
0.849353018
0.835036349
0.831399977
0.845022046
0.872200012
0.877182613
0.885599971
0.912510552
0.942900002
0.940999985
0.874486032
0.85291188
0.887499988
0.879299998
0.845897977
0.818099976
0.820065564
0.871842328
0.899600029
0.831174015
0.770799994
0.810055941
0.905300021
0.957122867
0.93720001
0.871216724
0.808399975
0.793949433
0.805899978
0.800100029
0.815314467
0.881699979
0.963318512
0.95630002
0.84859997
0.868582697
0.93779999
0.897531948
0.83700364
0.836499989
0.850613262
0.845020115
0.844452997
0.872200012
0.878874949
0.872601072
0.896399975
0.947619181
0.949299991
0.85619998
0.796619234
0.807299972
0.838239744
0.827000022
0.758700013
0.765558275
0.828199983
0.855700016
0.880136619
0.906000018
0.902800024
0.869185403
0.831399977
0.787821948
